.Random.seed <-
c(403L, 10L, -1190268930L, 1197236105L, -861210437L, 1602155658L, 
-277149844L, -1698048785L, 346079013L, 281487836L, 744953778L, 
-1048764755L, -477194649L, 2121590158L, 6984296L, 1224953451L, 
309078025L, -1621469544L, -1723756090L, -1966292703L, 2048545203L, 
553332002L, 1278969620L, 1107001239L, -283533427L, 1516053156L, 
1335536778L, 354927349L, 1766253903L, 306393686L, 510234880L, 
2025759811L, -1389303839L, 213894992L, 189839790L, -1531611303L, 
-98173589L, 18785498L, 996224412L, -287616609L, 1033794549L, 
-1285004660L, -2060933278L, 1381848893L, 872116151L, 1576156254L, 
882880920L, -438266629L, 1166696601L, -1135292120L, 2071717846L, 
-1976531887L, 1128902403L, 657909394L, 439329828L, -72766745L, 
491503421L, 1230127028L, 928195610L, 1343340389L, -1467866625L, 
-1263768442L, 1873080336L, -443469133L, 740176209L, -69365504L, 
1505596382L, 1233141801L, -1309272101L, 485836010L, 524788364L, 
765672911L, -1325764219L, -2118333892L, -955175150L, 1012405261L, 
974692167L, -81421010L, 741416072L, 1383877003L, -1275080343L, 
1900288824L, 922535398L, 1150787969L, -1280494317L, 1926017730L, 
-2066080396L, 1364794743L, -1396070803L, -196597500L, 871283754L, 
1491669397L, -844610001L, 1939170102L, 961649504L, -221240925L, 
-1138187583L, -166544720L, 1274770894L, 460859705L, 28656971L, 
2105773818L, 337051644L, 7045183L, -780191467L, 2090811948L, 
-1012642046L, -263545891L, -1003481385L, -645963330L, -1009433608L, 
465254363L, -634811847L, 1332644744L, -1347110090L, 1601448305L, 
-420379741L, -1033137422L, 313848388L, 687627527L, -394844963L, 
1655771604L, 652883194L, -73585595L, -1780532065L, 444948006L, 
1953880752L, 1253918547L, -1526758799L, -346959968L, -117446850L, 
773828169L, -1124414725L, -1034159414L, -1243567060L, 1003992111L, 
861084901L, -1333586532L, -1110026254L, -2065071507L, 399443879L, 
-1570276914L, -776057048L, -1205762773L, 559998793L, 1570450520L, 
1843796230L, 530523361L, -242056077L, -1350446878L, 1974958164L, 
788372823L, 1058975053L, -722243356L, -565007158L, 1272054069L, 
836405135L, 981030038L, 74816576L, -1203843837L, 951959841L, 
-574649840L, -2030284306L, 968426905L, -938188245L, -696446182L, 
-47257124L, -1126015009L, -1627707467L, 7487820L, 1887782818L, 
-2024935683L, -971161609L, 1663453470L, 298775512L, 869668155L, 
-427789607L, -1420136856L, 1653567382L, -780231919L, -1009437501L, 
-630211374L, 810183012L, 2030931111L, -1205046787L, -1588290572L, 
755045594L, -1435044315L, 909437759L, 1361119430L, -1717779120L, 
405630323L, -946030703L, -1472312896L, 1330645918L, -1557727895L, 
966012315L, -1927958358L, -952414516L, 2038443919L, 900053957L, 
100753276L, -189227054L, 1399418701L, -1198993913L, 1807371758L, 
2009004232L, -1864730677L, 525845033L, -1961672584L, 190717350L, 
-563034175L, 1585888339L, -848276734L, -1776060876L, -1102924873L, 
-980061267L, 1680423108L, 1966767338L, 857846613L, -1626512145L, 
-231494922L, 478533152L, 593234915L, 569524353L, -970866960L, 
766913934L, 1194361593L, 1738014859L, -1740306292L, -591343844L, 
-1171858286L, -1236382336L, -800182252L, 1260906280L, 1291257402L, 
-1576318512L, 812540268L, 1024383924L, -586124782L, -63457312L, 
412326348L, -526231328L, 701289506L, 783416104L, -91411956L, 
528601916L, 97773554L, -1325751568L, 2140351044L, -2065951144L, 
-1233209542L, -29984784L, 1856555708L, -2031229676L, 2147036354L, 
-1256846240L, 511663484L, -1500110896L, -843544286L, -1139478872L, 
1956683660L, 1994228924L, -1197493454L, -1416473024L, 1106064564L, 
793562184L, 1146523066L, 323779088L, -256307988L, -1111527084L, 
163781394L, -1254341216L, 152629964L, 1542982240L, 219768770L, 
959177512L, 457392556L, 125023548L, 351716210L, -687684304L, 
1985175332L, 292742456L, 519898842L, -1427105904L, 168813308L, 
-380372076L, -1239923646L, 321899776L, 1496514620L, 1670384976L, 
1244951714L, 1502575432L, 557199116L, -842649892L, -1502836910L, 
-715635072L, 775909460L, -404339736L, -952915206L, 1358777680L, 
-717744340L, -1102345356L, 2144306066L, 1419823712L, 667373452L, 
-1576052896L, -1645708318L, -278197336L, 1758604492L, -351352324L, 
-1061154894L, -556327440L, -603505212L, -1942113960L, -2009971334L, 
1712627120L, 1761788860L, -795645868L, -605528126L, -972089312L, 
150892732L, 258906704L, -743696414L, 276881000L, 1413275212L, 
-2140444420L, 1292742642L, -1707907840L, 628202356L, -317892600L, 
-1848022598L, -1570665008L, -531082260L, 302738324L, -1229534254L, 
1816850272L, -991463092L, -933519072L, -1311543422L, -1926672664L, 
-1292945172L, -1381482948L, -1414618254L, 835438192L, 1937894436L, 
-645865672L, -688553830L, -1366980912L, 300393660L, 1961069204L, 
-1000088958L, -241348416L, 457139516L, -1181448048L, -1952694750L, 
228096520L, -1733290740L, -1768660324L, -1017407982L, 1502310784L, 
-2010947052L, -677118424L, 1543061818L, 2090589136L, -824177044L, 
1129446196L, 1084011154L, 404686176L, -107432628L, 2105058272L, 
1231576994L, -36135000L, 1586261900L, -1940358468L, -676095118L, 
546341104L, 373787716L, -1885508264L, 1216892986L, 566543216L, 
-1162259396L, -1756730604L, 1522945474L, -439284512L, 656537468L, 
1584502480L, 103717538L, 2006963240L, -64175860L, -1578054724L, 
-1681160910L, 2136274880L, -220928460L, 673147848L, -1260837702L, 
-1559640176L, 780577260L, 885560404L, -682321262L, -1058378976L, 
202269132L, -2039653408L, -930261310L, 1562678824L, 780709548L, 
1078560444L, -2014707214L, 317004080L, 87476388L, -356418888L, 
-441933990L, 711245200L, 1622322556L, 1635864852L, 878652738L, 
-1476988160L, -299619396L, -1291807920L, -1673321182L, 236480840L, 
1252363276L, 1061141596L, 1251255506L, 867345408L, -1873975468L, 
-740517400L, 1358756858L, -1343010096L, -332905172L, -394421004L, 
-67345518L, -1402573728L, 2069231884L, 14260960L, 1887692130L, 
1748416168L, 1669430860L, 833065852L, 1791221554L, 1350918768L, 
-161001148L, 323897304L, -1509096326L, -1977259472L, 95071932L, 
-86651052L, -491209150L, 710737824L, 1356963004L, -1260318256L, 
1306927458L, 671410152L, 1138555852L, -259465476L, 722945010L, 
433231030L, -446376876L, 2050682085L, -690857745L, 381963304L, 
640612486L, -1285061965L, -185891819L, -1554377102L, 765235904L, 
2018211625L, -1189186149L, -2108632468L, -1052834182L, -139921489L, 
638472889L, 1160625358L, 2066896412L, -629183091L, -739820553L, 
-555450624L, -1502390946L, 11796011L, -1221496531L, -344535654L, 
-1313891496L, -133864767L, -1930705549L, -1678436716L, -1874173150L, 
157969975L, -368248063L, -308035066L, 1731354692L, 287699317L, 
-475736865L, -2113787848L, 349466646L, -1436311517L, 1775665125L, 
1814596098L, -1004726160L, -1623020007L, -555372533L, -1262605572L, 
2014690090L, -1666159265L, 588375273L, -120196098L, 1044713452L, 
-555852995L, -865954041L, -841068816L, 508161678L, -1167906629L, 
-1130668899L, -1564438454L, -311659928L, 1171242577L, 1699218755L, 
-558730172L, 1416001266L, -1015611705L, 313099409L, -785417706L, 
-66869132L, 382692101L, -1154694833L, -1858960568L, -577899802L, 
796091411L, 1934695285L, 1807055698L, -1320359008L, -1352630647L, 
1393560251L, -1644203764L, -780989286L, 1675334159L, -399804839L, 
-1558082834L, -1590230660L, 1044165101L, -277102953L, 738040160L, 
-77750978L, 932204043L, 1006254733L, -841123910L, -439089672L, 
982540705L, -1106163885L, -1956084108L, 1862944770L, 723006103L, 
1036573793L, -503744346L, -520460124L, -444817067L, -779009537L, 
-842090344L, -1734302282L, 1193610819L, -1354615931L, 1842239522L, 
530995984L, 1075115705L, 1311820651L, 776053340L, -508625014L, 
86945663L, -109690167L, 1681714014L, -1753182196L, 591265757L, 
1082477287L, -282565872L, -339051986L, 985882843L, -216490563L, 
-1001428182L, 1990566856L, 382705905L, -1972314525L, -1641305500L, 
-1924724334L, 1501161063L, 1235183153L, 1944181622L, -852873068L, 
1774796453L, 1736453039L, 233916520L, -668443578L, -1366337037L, 
77063509L, 681013042L, 724443904L, -1659189271L, 874322523L, 
